RUC
20516381311
20100095531
20134081229
20100340438
20494626978
20417180134
20101066992
20101193161
20415094656
20377379412
20421087076
20421780472
20512096990
20522061035
20330573857
20499649437
20101120792
20258197993
20255154479
20512217533
20102026471
20520615394
20250650001
20136828445
20513371315
20101876137
20508340002
20307328632
20102188293
20100981905
20548524955
20511826340
20516026767
20600501268
20556172791
20516015561
20545964300
20514262153
20537110229
20556668141
20460717516
20524652065
20600686217
20600767942
20430180275
20510842686
20555923491
20524922119
20517736911
20516020211
20514434973
20512927409
20524666791
20551680917
20202814132
20383582866
20548604479
20520709968
20555198893
20517345726
